RAM is initilaized with zero.
IO output to stdout.
Detect Halt.
Program Counter = 31749
Instructions = 2239061681
r0:0x0(0) r1:0x1d3a1(119713) r2:0xf7fff(1015807) r3:0x6911(26897) r4:0x7f(127) r5:0x1(1) r6:0x6919(26905) r7:0x219(537) r8:0x1(1) r9:0x0(0) r10:0x0(0) r11:0x0(0) r12:0x0(0) r13:0x0(0) r14:0x0(0) r15:0x0(0) r16:0x0(0) r17:0x0(0) r18:0xc(12) r19:0xa916(43286) r20:0x80(128) r21:0x6919(26905) r22:0x80(128) r23:0x3(3) r24:0x80(128) r25:0x5(5) r26:0x3(3) r27:0x2(2) r28:0xffffffff(-1) r29:0x1(1) r30:0x0(0) r31:0x7c05(31749) 
f0:0x0(0) f1:0xc1a02088(-20.0159) f2:0xc09faf20(-4.99013) f3:0xc347fe9b(-199.995) f4:0xbf666666(-0.9) f5:0x0(0) f6:0x0(0) f7:0x0(0) f8:0x0(0) f9:0x0(0) f10:0x0(0) f11:0x0(0) f12:0x0(0) f13:0x0(0) f14:0x0(0) f15:0x3ea5d6cb(0.323904) f16:0x368a2514(4.11704e-06) f17:0x34e7e4b1(4.31935e-07) f18:0xbc399670(-0.0113274) f19:0x3a3aeb51(0.00071304) f20:0x39c41abf(0.00037404) f21:0xbf4d60a7(-0.802256) f22:0x3d4ccccd(0.05) f23:0xc1a02088(-20.0159) f24:0xc21ff5e4(-39.9901) f25:0x3d545b72(0.051845) f26:0x42a49195(82.2843) f27:0x3f480004(0.78125) f28:0x0(0) f29:0x3f000000(0.5) f30:0x40000000(2) f31:0x3f800000(1) 
LD:412100067,ST:132706974,FLD:273784591,FST:28626370,ITOF:206569,FTOI:239154,ADD:283228396,SUB:154740953,ADDI:246203349,SHL:29790,SHR:0,SHLI:0,SHRI:0,LDIH:3,FADD:62120357,FSUB:56835604,FMUL:119355072,FINV:402270,FSQRT:2204143,FABS:26228107,FCMP:61395337,FLDI:17146269,J:86461372,JEQ:167315056,JLE:52932961,JLT:103445,JSUB:27347736,RET:27347736,
2way (linesize=8word line=256) :0.977206
Cache Swap :147026
fmulfadd:28850
faddfmul:51982334
addadd:18251
addsub:0
subadd:40889
subsub:0
move:125059671
io_in:325
io_out:49167
clock:3350117891

